%%MatrixMarket matrix coordinate real general
48 67 274                                         
1 1 0.415807481782197
1 2 0.3695712654405201
1 3 0.6783970596292086
1 4 0.34887742655716986
1 5 0.3295196330720388
2 6 0.3206871005956028
2 7 0.7394949202998693
2 8 0.3206871005956028
2 9 0.3802980586138287
2 10 0.3206871005956028
3 2 0.5135191026669237
3 6 0.40877907789751405
3 8 0.40877907789751405
3 9 0.48476502309462477
3 10 0.40877907789751405
4 1 0.3800706823880279
4 3 0.6200918566404315
4 4 0.3188929670361691
4 5 0.3011988896042625
4 11 0.527843603914407
5 6 0.24928997797010408
5 8 0.24928997797010408
5 9 0.29562927376198506
5 10 0.24928997797010408
5 12 0.48933666595232933
5 13 0.5285159822912501
5 14 0.45539799841822937
6 6 0.23151679385900148
6 8 0.23151679385900148
6 9 0.2745523193092336
6 10 0.23151679385900148
6 13 0.49083531844984557
6 14 0.4229302974074593
6 15 0.5865420702240746
7 6 0.18960640275265125
7 8 0.18960640275265125
7 9 0.2248514104049176
7 10 0.18960640275265125
7 13 0.401981720306243
7 14 0.34636922432233946
7 16 0.7483509446285825
8 1 0.26993751109857367
8 4 0.22648727675527366
8 5 0.2139204163146201
8 11 0.37489023829648743
8 17 0.5398750221971473
8 18 0.48385792741319383
8 19 0.4049062666478605
9 6 0.23151679385900148
9 8 0.23151679385900148
9 9 0.2745523193092336
9 10 0.23151679385900148
9 13 0.49083531844984557
9 14 0.4229302974074593
9 15 0.5865420702240746
10 3 0.40357274096330603
10 5 0.1960284757024024
10 20 0.567069069306118
10 21 0.6907492671740232
11 1 0.3141656315362479
11 6 0.22227807480420542
11 8 0.22227807480420542
11 9 0.26359625991647323
11 10 0.22227807480420542
11 14 0.4060531882682903
11 22 0.7202188198045383
12 6 0.24928997797010408
12 8 0.24928997797010408
12 9 0.29562927376198506
12 10 0.24928997797010408
12 12 0.48933666595232933
12 13 0.5285159822912501
12 14 0.45539799841822937
13 2 0.20923302515058467
13 4 0.19751719408785012
13 5 0.18655776604274382
13 18 0.42196745675512376
13 23 0.3840749601305939
13 24 0.6573771474675038
13 25 0.3531145360685699
14 6 0.347957465762395
14 8 0.347957465762395
14 9 0.412637578698546
14 10 0.347957465762395
14 12 0.6830132024393354
15 15 0.36411139694334793
15 26 0.46567770255187324
15 27 0.46567770255187324
15 28 0.46567770255187324
15 29 0.46567770255187324
16 1 0.2667527829890611
16 30 0.6115257534839268
16 31 0.7449021449784573
17 2 0.5135191026669237
17 6 0.40877907789751405
17 8 0.40877907789751405
17 9 0.48476502309462477
17 10 0.40877907789751405
18 3 0.2818121521156464
18 6 0.12220979413614722
18 8 0.12220979413614722
18 9 0.14492677556176617
18 10 0.12220979413614722
18 32 0.48234560414058364
18 33 0.48234560414058364
18 34 0.3959805472439078
18 35 0.48234560414058364
19 1 0.25993351994607305
19 4 0.21809356850927034
19 5 0.20599244089749028
19 17 0.5198670398921461
19 18 0.46592596084356336
19 36 0.5958927208165999
20 1 0.28512239545597073
20 2 0.2534178655046199
20 37 0.6536377456407071
20 38 0.6536377456407071
21 39 0.4582957333397855
21 40 0.3998250657602555
21 41 0.4582957333397855
21 42 0.4582957333397855
21 43 0.4582957333397855
22 2 0.6101480821315332
22 4 0.575983342371355
22 5 0.5440243626731567
23 8 0.1564718517430589
23 12 0.30714196724153064
23 25 0.3317336504993037
23 37 0.5069954492555486
23 38 0.5069954492555486
23 44 0.5069954492555486
24 6 0.24928997797010408
24 8 0.24928997797010408
24 9 0.29562927376198506
24 10 0.24928997797010408
24 12 0.48933666595232933
24 13 0.5285159822912501
24 14 0.45539799841822937
25 1 0.4844570158485336
25 4 0.4064768537650661
25 5 0.38392310166560034
25 11 0.6728157393788077
26 4 0.4198405248307942
26 5 0.39654527682187274
26 7 0.8163858016526669
27 1 0.3630373207566503
27 4 0.30460136423455
27 5 0.2877002698807845
27 36 0.8322562510157601
28 4 0.24048518143958594
28 5 0.22714163403819243
28 11 0.39806009533187237
28 19 0.4299312455686047
28 45 0.5732416607581396
28 46 0.46762681547777835
29 7 0.3967309837425582
29 19 0.36475035295361774
29 40 0.48633380393815695
29 45 0.48633380393815695
29 47 0.48633380393815695
30 4 0.15907595434933142
30 5 0.15024947479422643
30 11 0.2633084881748149
30 17 0.37918745642464874
30 19 0.2843905923184865
30 20 0.434640067112713
30 34 0.434640067112713
30 48 0.5294369312188753
31 12 0.2898967393835152
31 26 0.47852896476984713
31 27 0.47852896476984713
31 28 0.47852896476984713
31 29 0.47852896476984713
32 2 0.26757330585702577
32 4 0.25259075878510834
32 5 0.2385755219924423
32 19 0.45157318589662027
32 45 0.6020975811954937
32 46 0.4911662807775506
33 1 0.42010096681020465
33 2 0.37338733120285256
33 6 0.29722931075986825
33 8 0.29722931075986825
33 9 0.3524798148574306
33 10 0.29722931075986825
33 14 0.542972622860541
34 6 0.17026377579359872
34 10 0.17026377579359872
34 18 0.43135906416778586
34 22 0.5516836321600628
34 49 0.6720082001523396
35 1 0.3919073080291651
35 4 0.32882432150603325
35 5 0.31057919349240104
35 11 0.5442823544577201
35 19 0.5878609620437477
36 2 0.23250177092967952
36 23 0.42678782824002776
36 25 0.3923843041406472
36 46 0.42678782824002776
36 50 0.5231790721875296
36 51 0.3923843041406472
37 4 0.16154476962952458
37 5 0.15258130552710014
37 51 0.2888042564874736
37 52 0.5376536475103983
37 53 0.5376536475103983
37 54 0.5376536475103983
38 2 0.23250177092967952
38 23 0.42678782824002776
38 25 0.3923843041406472
38 46 0.42678782824002776
38 50 0.5231790721875296
38 51 0.3923843041406472
39 15 0.30559421826907784
39 55 0.47608092110493966
39 56 0.47608092110493966
39 57 0.47608092110493966
39 58 0.47608092110493966
40 12 0.2408855323245971
40 23 0.2829837396328469
40 30 0.39762677102355093
40 59 0.48435087639213553
40 60 0.48435087639213553
40 61 0.48435087639213553
41 2 0.2036235836180957
41 6 0.16209145933872168
41 8 0.16209145933872168
41 10 0.16209145933872168
41 47 0.45819692954096153
41 51 0.3436476971557212
41 62 0.5252039349727207
41 63 0.5252039349727207
42 6 0.3206871005956028
42 7 0.7394949202998693
42 8 0.3206871005956028
42 9 0.3802980586138287
42 10 0.3206871005956028
43 2 0.23250177092967952
43 23 0.42678782824002776
43 25 0.3923843041406472
43 46 0.42678782824002776
43 50 0.5231790721875296
43 51 0.3923843041406472
44 6 0.15467140187696496
44 7 0.3566676545181986
44 8 0.15467140187696496
44 10 0.15467140187696496
44 47 0.4372220579476977
44 51 0.3279165434607733
44 62 0.5011616850445817
44 63 0.5011616850445817
45 39 0.4582957333397855
45 40 0.3998250657602555
45 41 0.4582957333397855
45 42 0.4582957333397855
45 43 0.4582957333397855
46 1 0.3800706823880279
46 3 0.6200918566404315
46 4 0.3188929670361691
46 5 0.3011988896042625
46 11 0.527843603914407
47 2 0.1414416977376934
47 25 0.23870571790209064
47 44 0.3648189217629362
47 64 0.44438749439696634
47 65 0.44438749439696634
47 66 0.44438749439696634
47 67 0.44438749439696634
48 2 0.5135191026669237
48 6 0.40877907789751405
48 8 0.40877907789751405
48 9 0.48476502309462477
48 10 0.40877907789751405
