%%MatrixMarket matrix coordinate real general
48 33 1584                                        
1 1 0.23543234018050913
1 2 0.683748714560251
1 3 -0.07443708196614318
1 4 0.0637364750284652
1 5 -0.3549321098559555
1 6 0.14487749304718173
1 7 -0.17381422066454955
1 8 0.27305237143636507
1 9 -0.09020512740665133
1 10 -0.04118738982537541
1 11 -0.04465589246949274
1 12 0.10377918533097208
1 13 0.015152198322555287
1 14 0.023279326471986182
1 15 -0.003760470234387218
1 16 -0.25027950341894334
1 17 0.09363775564488694
1 18 0.0482090203477826
1 19 0.06286182060276217
1 20 0.0423694760174169
1 21 0.05009354494332554
1 22 -0.05067272508088283
1 23 -0.017848630793841407
1 24 -0.012870250025504326
1 25 -0.07062838370937412
1 26 0.2549661821733062
1 27 -0.0723101849054833
1 28 -0.08355272140393906
1 29 -0.025476398461457987
1 30 0.13652008650728908
1 31 -0.0019467961372462879
1 32 -0.03576523243113003
1 33 0.06724438809264865
2 1 0.6514994571048843
2 2 -0.09625704122680992
2 3 0.032253405554651005
2 4 -0.5934735608377255
2 5 0.008269460237606361
2 6 -0.12544107867386434
2 7 -0.08080637761356202
2 8 -0.0643812269680141
2 9 -0.039685406602649916
2 10 0.057966228313728274
2 11 -0.3496790279902369
2 12 -0.08404718075031442
2 13 -0.042394010259183955
2 14 -0.1513109438239287
2 15 -0.005895503493078841
2 16 0.11762288858218423
2 17 0.024256369718317843
2 18 -0.0008438603755641632
2 19 -0.026835371523820754
2 20 -0.016941484156792655
2 21 -0.03943451506678848
2 22 -0.022111603420065216
2 23 -0.05885318380080372
2 24 -0.007800088917731969
2 25 0.029286393452109333
2 26 -0.0013434793098639208
2 27 0.019856758881438952
2 28 -0.048581413769056704
2 29 0.043245019866182795
2 30 0.024792971201832055
2 31 0.007929834434805364
2 32 0.016093066711033402
2 33 0.01146715563614872
3 1 0.812661400212237
3 2 -0.08765388126294008
3 3 0.16435732539718734
3 4 -0.16964425110827355
3 5 -0.3313419564256205
3 6 0.11361250946667095
3 7 0.013248082131259213
3 8 0.03950607068521202
3 9 0.31434732711698443
3 10 -0.11479012964474777
3 11 0.08598808871051973
3 12 -0.020839454543706788
3 13 0.035858701908704244
3 14 0.06526966673495592
3 15 -0.055235547933552585
3 16 0.07320795044443151
3 17 -0.04596528330282966
3 18 -0.016040369173244837
3 19 0.008040100928631803
3 20 -0.0216932531165574
3 21 -0.035749255166500085
3 22 -0.015969374761635773
3 23 -0.06569387423048667
3 24 -0.006452685088766544
3 25 0.05515448260399937
3 26 -0.011337550721382272
3 27 -0.041212210221370726
3 28 0.029387809342144293
3 29 -0.007249670807115048
3 30 -0.018600045795539463
3 31 -0.00013981803416126919
3 32 0.054274033840025014
3 33 0.005105081966824453
4 1 0.16280483661506565
4 2 0.7901506296434526
4 3 -0.2698700870903079
4 4 0.09711221461621539
4 5 -0.1435546790968717
4 6 0.05414578074890683
4 7 -0.11354865764466565
4 8 0.3108837107222042
4 9 -0.2091549282567733
4 10 0.03700906960166648
4 11 -0.024417714654928785
4 12 -0.09741036278060859
4 13 0.0017575575607774504
4 14 -0.12462751210608536
4 15 0.0945887035910515
4 16 0.03343757403816461
4 17 -0.03396347026288582
4 18 0.045962393132644976
4 19 0.07603231626039977
4 20 0.07139478313211335
4 21 0.007985224199347753
4 22 -0.05870774751700905
4 23 -0.10677998518868012
4 24 -0.007234086866740583
4 25 0.0540491006685883
4 26 0.05202118248852472
4 27 -0.09659743065066329
4 28 -0.06531951311569051
4 29 0.01810897583554047
4 30 -0.04066477758775247
4 31 0.0022084478601805922
4 32 0.03195169697900341
4 33 -0.04089212426637064
5 1 0.8002465173344995
5 2 -0.2422421194997159
5 3 -0.1796382072450291
5 4 0.3070431396006785
5 5 0.23218991939899902
5 6 -0.03670819326929563
5 7 0.06495908994842452
5 8 0.016782812115237442
5 9 -0.1227852062510683
5 10 0.13056522268456922
5 11 -0.060860812555834906
5 12 -0.019098623005137483
5 13 0.04082090430884433
5 14 0.17179217522120338
5 15 0.10094572723101602
5 16 -0.05301667775936731
5 17 -0.006616353170806555
5 18 0.008038033205929516
5 19 0.059140523985534404
5 20 0.04222339827276887
5 21 -0.014244992040347754
5 22 -0.053829868251163586
5 23 0.09924569055401523
5 24 0.026759096552762058
5 25 -0.050110996245991274
5 26 0.05593483393619421
5 27 0.019907867529332143
5 28 0.02751771838171193
5 29 0.06944913619826446
5 30 -0.007680058925806234
5 31 0.005677249372045529
5 32 0.05859503078930234
5 33 0.00704526364547281
6 1 0.7078641298074919
6 2 -0.21269794404839332
6 3 -0.17478627121575813
6 4 0.26661137464310436
6 5 0.23633760396369297
6 6 -0.06333648917641582
6 7 0.04693197873980674
6 8 0.07595757671672193
6 9 -0.11420966176792544
6 10 -0.13837631475662063
6 11 -0.006775726601930756
6 12 0.27648396106248296
6 13 -0.13471742646952656
6 14 -0.14945399716403676
6 15 -0.17312500432328187
6 16 -0.0019611928583120886
6 17 -0.013750955156242993
6 18 0.018812548721045694
6 19 -0.04761251003090375
6 20 -0.10643363271832935
6 21 0.08961194233120451
6 22 0.051456523904219946
6 23 -0.12280456408462988
6 24 0.22396340647538365
6 25 0.1003234558628204
6 26 -0.015122591940323872
6 27 -0.03532007473303421
6 28 0.0021044610774723863
6 29 -0.04501675703347541
6 30 0.011665983148828371
6 31 -0.017908578441050038
6 32 -0.03144726169814524
6 33 -0.0001670449422698228
7 1 0.5684077179346805
7 2 -0.16876482320403546
7 3 -0.13302113596004506
7 4 0.18705787385309205
7 5 0.14470469109708506
7 6 -0.020415957003269147
7 7 0.1512420402428093
7 8 0.05283863118421012
7 9 -0.11838522380634477
7 10 -0.037568781668429245
7 11 -0.020102154219904675
7 12 0.1338261084764134
7 13 -0.04560965512468148
7 14 -0.011819934601969218
7 15 0.03899503721558616
7 16 -0.026579546411573944
7 17 0.0689352888313576
7 18 0.09285924860986078
7 19 -0.10978316362312421
7 20 -0.18923845872763295
7 21 0.12473064090211775
7 22 0.01838084895303253
7 23 -0.016863848385674625
7 24 -0.6298872805843033
7 25 0.16681167901028426
7 26 -0.047285825074271176
7 27 -0.04028362642197508
7 28 -0.0029722526441979162
7 29 -0.053890532221076384
7 30 0.012222655314296033
7 31 -0.017820122477641448
7 32 -0.03598145769640343
7 33 -0.0007412743605767214
8 1 0.13148502094471087
8 2 0.667464466117565
8 3 -0.16476370082329955
8 4 0.04671691801610863
8 5 0.17376558775789785
8 6 -0.06655965360586293
8 7 0.14025827153845025
8 8 -0.39183889318049697
8 9 0.05870075393948691
8 10 -0.07141358100213088
8 11 0.14168039979065977
8 12 -0.1895085599461528
8 13 -0.1321480637069806
8 14 0.025936792520504695
8 15 -0.04754198913556454
8 16 0.18988170599337922
8 17 -0.15666232474154196
8 18 0.0033619578498435753
8 19 0.036494215101844384
8 20 -0.13037946673674644
8 21 0.04518280040325031
8 22 -0.12673259132133344
8 23 -0.11349822633334831
8 24 -0.021799312240162193
8 25 -0.005409443019184376
8 26 0.231222607970702
8 27 0.2026444861131871
8 28 0.034117205537980214
8 29 -0.0908265669108918
8 30 0.01561526664686591
8 31 -0.016831836701410488
8 32 0.014482838888980817
8 33 -0.0013841117830091024
9 1 0.7078641298074919
9 2 -0.21269794404839332
9 3 -0.17478627121575813
9 4 0.26661137464310436
9 5 0.23633760396369297
9 6 -0.06333648917641582
9 7 0.04693197873980674
9 8 0.07595757671672193
9 9 -0.11420966176792544
9 10 -0.13837631475662063
9 11 -0.006775726601930756
9 12 0.27648396106248296
9 13 -0.13471742646952656
9 14 -0.14945399716403676
9 15 -0.17312500432328187
9 16 -0.0019611928583120886
9 17 -0.013750955156242993
9 18 0.018812548721045694
9 19 -0.04761251003090375
9 20 -0.10643363271832935
9 21 0.08961194233120451
9 22 0.051456523904219946
9 23 -0.12280456408462988
9 24 0.22396340647538365
9 25 0.1003234558628204
9 26 -0.015122591940323872
9 27 -0.03532007473303421
9 28 0.0021044610774723863
9 29 -0.04501675703347541
9 30 0.011665983148828371
9 31 -0.017908578441050038
9 32 -0.03144726169814524
9 33 -0.0001670449422698228
10 1 0.04413322412276739
10 2 0.24116431508945357
10 3 -0.09079525710094884
10 4 0.02676625087967817
10 5 -0.10861281120831504
10 6 0.040073127727184896
10 7 -0.10279846468329845
10 8 0.3199999855322954
10 9 -0.1507960676247668
10 10 -0.01961713905459029
10 11 -0.08813872707204132
10 12 -0.2219873845999042
10 13 -0.40064740619607603
10 14 0.19426447328283636
10 15 -0.18410406839377713
10 16 -0.3650882863460405
10 17 0.18082243682250992
10 18 -0.02785154625118827
10 19 -0.025235131223210507
10 20 -0.21276930992549303
10 21 -0.43488192556617733
10 22 -0.07549154927423474
10 23 -0.10128240068306388
10 24 -0.0015540045887548583
10 25 0.019956742673445806
10 26 -0.17260256123972512
10 27 0.17874244033153094
10 28 0.10820446749328888
10 29 -0.01460549919067787
10 30 -0.02050439435498575
10 31 -0.0017917470723031858
10 32 -0.0012085424799625514
10 33 0.0015912757062192182
11 1 0.582054589836789
11 2 -0.011495130878900828
11 3 -0.14038438016712734
11 4 0.07958405697138755
11 5 -0.09405601102067616
11 6 0.06549339647589296
11 7 0.09918550361066725
11 8 -0.1779148838827112
11 9 -0.07099298391678509
11 10 -0.12243352159030454
11 11 0.1499600114605243
11 12 -0.15974851867650697
11 13 0.030032965129549345
11 14 -0.4414088354189629
11 15 0.17680299544135905
11 16 -0.18440439968811298
11 17 0.1065698740704341
11 18 -0.0523944347040257
11 19 -0.1277486666933296
11 20 0.05582530975479516
11 21 -0.12031575604548628
11 22 0.1993629618427193
11 23 0.11433897089989922
11 24 -0.007241355040319137
11 25 -0.2617871455719614
11 26 -0.09589880707237565
11 27 0.04635564308174416
11 28 -0.1526821180730777
11 29 -0.1703225878915322
11 30 -0.03256002720602473
11 31 -0.11325821141868592
11 32 0.06624475577900193
11 33 0.0021539952090011347
12 1 0.8002465173344995
12 2 -0.2422421194997159
12 3 -0.1796382072450291
12 4 0.3070431396006785
12 5 0.23218991939899902
12 6 -0.03670819326929563
12 7 0.06495908994842452
12 8 0.016782812115237442
12 9 -0.1227852062510683
12 10 0.13056522268456922
12 11 -0.060860812555834906
12 12 -0.019098623005137483
12 13 0.04082090430884433
12 14 0.17179217522120338
12 15 0.10094572723101602
12 16 -0.05301667775936731
12 17 -0.006616353170806555
12 18 0.008038033205929516
12 19 0.059140523985534404
12 20 0.04222339827276887
12 21 -0.014244992040347754
12 22 -0.053829868251163586
12 23 0.09924569055401523
12 24 0.026759096552762058
12 25 -0.050110996245991274
12 26 0.05593483393619421
12 27 0.019907867529332143
12 28 0.02751771838171193
12 29 0.06944913619826446
12 30 -0.007680058925806234
12 31 0.005677249372045529
12 32 0.05859503078930234
12 33 0.00704526364547281
13 1 0.12345219763903265
13 2 0.3146139191309972
13 3 0.35833265251912705
13 4 0.15828644282554974
13 5 -0.08387900113560058
13 6 0.030501876312651534
13 7 -0.01658678451102981
13 8 -0.323738377957485
13 9 -0.02965318268628985
13 10 -0.12692735772616254
13 11 -0.18220030949575608
13 12 -0.004377391522632824
13 13 -0.12547830985334707
13 14 0.09133072868078654
13 15 -0.003966555257419823
13 16 -0.2143413436773619
13 17 -0.2913864246832669
13 18 0.055145464601108
13 19 0.22847204302460275
13 20 -0.18056974690542885
13 21 0.3020206741838913
13 22 -0.2546231474486273
13 23 -0.10390240740544558
13 24 -0.006213795339343692
13 25 -0.21424752555892387
13 26 -0.31025564652701226
13 27 -0.056890043714837496
13 28 -0.09759414982538726
13 29 0.05860909634142669
13 30 0.022353760879832
13 31 -0.023038790200224035
13 32 9.091234050105992e-05
13 33 0.00031014157605566486
14 1 0.7285235628398972
14 2 -0.19609361537477685
14 3 -0.05204027448840931
14 4 0.018889582536650074
14 5 -0.0027320784547948257
14 6 0.002557991122528497
14 7 -0.07560016454652699
14 8 -0.03964185268447734
14 9 0.09140607708400053
14 10 0.17347392464832706
14 11 -0.04503916002102152
14 12 -0.2922232003981181
14 13 0.10454335066308719
14 14 0.24442783469413407
14 15 0.09661740563950474
14 16 0.07599537653372385
14 17 -0.07502198699018695
14 18 -0.08836008612730908
14 19 0.14637991461670735
14 20 0.23729975045740287
14 21 -0.1461099991480327
14 22 -0.12502031114711276
14 23 0.03846153122045948
14 24 0.039058777854451304
14 25 0.05090749100355759
14 26 -0.04503162351022521
14 27 -0.05603206247095313
14 28 -0.008740151600197116
14 29 -0.10581734060660283
14 30 0.04069238507596838
14 31 -0.12559220188130066
14 32 -0.20153963981040965
14 33 -0.02327635214008795
15 1 0.050646392361777766
15 2 -0.024959519614282243
15 3 -0.04511115647849354
15 4 0.16740845843433527
15 5 0.2663557021448447
15 6 -0.18441338838074436
15 7 -0.8183953745508663
15 8 -0.011547854812378603
15 9 0.24778791865286504
15 10 -0.28743118592643147
15 11 0.07354195659548032
15 12 0.034287185262411354
15 13 -0.03173616819368694
15 14 -0.12372243868727648
15 15 -0.022388721979583026
15 16 0.024845653278209912
15 17 0.035175487609855484
15 18 0.028596520788145764
15 19 -0.06982466562685913
15 20 -0.07819853408376284
15 21 0.03872113898519453
15 22 0.033636679366021084
15 23 -0.06509500193076946
15 24 0.028554505076004842
15 25 0.035059416611682444
15 26 -0.022921468463857213
15 27 -0.01122679666550667
15 28 -0.008775001100573816
15 29 -0.026929638193719574
15 30 0.0036144451352396875
15 31 -0.0035875115948208938
15 32 -0.02047039103315949
15 33 -0.0019956188510192787
16 1 0.03924941239170521
16 2 0.11537133544244037
16 3 -0.052103636871336935
16 4 0.06787818453654787
16 5 -0.06440552664919695
16 6 0.04701032401582157
16 7 -0.05239473424383961
16 8 -0.0822135315720256
16 9 -0.1305694517390364
16 10 0.08422854237853782
16 11 0.019813131624460505
16 12 -0.19120419425225113
16 13 0.5319953638788469
16 14 -0.18828512519428314
16 15 -0.48115055076155805
16 16 -0.08830150239590753
16 17 0.046217209239571455
16 18 0.047160047287505814
16 19 -0.3234290957164897
16 20 -0.16142496325211533
16 21 0.016280446409693866
16 22 -0.3679675470291248
16 23 0.2462416036190188
16 24 0.04744617964333693
16 25 0.0902282339174277
16 26 -0.02071944672276314
16 27 -0.025237462984994918
16 28 -0.0027994964015191576
16 29 -0.012009897026380046
16 30 -0.0067700114804969125
16 31 -0.004396451696882454
16 32 0.008959707603785429
16 33 -0.003997800828553763
17 1 0.812661400212237
17 2 -0.08765388126294008
17 3 0.16435732539718734
17 4 -0.16964425110827355
17 5 -0.3313419564256205
17 6 0.11361250946667095
17 7 0.013248082131259213
17 8 0.03950607068521202
17 9 0.31434732711698443
17 10 -0.11479012964474777
17 11 0.08598808871051973
17 12 -0.020839454543706788
17 13 0.035858701908704244
17 14 0.06526966673495592
17 15 -0.055235547933552585
17 16 0.07320795044443151
17 17 -0.04596528330282966
17 18 -0.016040369173244837
17 19 0.008040100928631803
17 20 -0.0216932531165574
17 21 -0.035749255166500085
17 22 -0.015969374761635773
17 23 -0.06569387423048667
17 24 -0.006452685088766544
17 25 0.05515448260399937
17 26 -0.011337550721382272
17 27 -0.041212210221370726
17 28 0.029387809342144293
17 29 -0.007249670807115048
17 30 -0.018600045795539463
17 31 -0.00013981803416126919
17 32 0.054274033840025014
17 33 0.005105081966824453
18 1 0.24727113820217494
18 2 0.04409808193270796
18 3 -0.05638460909814977
18 4 -0.04648712844531104
18 5 -0.14776080049206414
18 6 0.05273885445906533
18 7 -0.04803541802130005
18 8 0.2379295009471322
18 9 -0.027971736916293267
18 10 -0.04345744972764354
18 11 -0.005916672037926439
18 12 -0.3460356147221548
18 13 -0.31680191711694017
18 14 0.07161233233717981
18 15 -0.19303046968594692
18 16 0.04245836757527309
18 17 0.2166822942187746
18 18 -0.036527414654685425
18 19 -0.15772078976906986
18 20 0.35888661940217925
18 21 0.5810723663598353
18 22 0.045152542705494444
18 23 0.10367182525256924
18 24 0.008568783782685227
18 25 -0.013882561395000048
18 26 -0.07774024714047786
18 27 0.12562691539816132
18 28 0.0788457397175075
18 29 -0.010630182034021616
18 30 -0.01480318500756514
18 31 -0.000616976977674459
18 32 -0.0018021248162047952
18 33 0.0009225015664067818
19 1 0.10170863999067505
19 2 0.47334189757184963
19 3 -0.13567766880514215
19 4 0.06786137256363493
19 5 -0.043756062277441846
19 6 -0.002488921608609045
19 7 0.024710375508138205
19 8 -0.6804484289647827
19 9 -0.12275756573242523
19 10 -0.2096177571846674
19 11 -0.0048373029585341495
19 12 0.053175728522110804
19 13 -0.08945435334044584
19 14 0.24244261796483146
19 15 -0.12507644302493065
19 16 0.07507973811855634
19 17 0.2213208218707549
19 18 0.07421029304668206
19 19 -0.003262065923559973
19 20 0.10849633341579493
19 21 -0.039244129630324164
19 22 -0.07159128026836215
19 23 -0.12249286392451988
19 24 -0.013486530793620085
19 25 0.04879224435613468
19 26 0.14222099586199852
19 27 0.06019131087862109
19 28 -0.054932053999070904
19 29 -0.02680760532291465
19 30 -0.09442044615944645
19 31 -0.010631139759628951
19 32 0.0025533447280939314
19 33 0.0008254977053583079
20 1 0.12251369792396352
20 2 0.164319522290729
20 3 0.0871290966548932
20 4 0.1148881081028017
20 5 -0.24849773665104302
20 6 0.181167577439452
20 7 -0.20223945892978384
20 8 -0.19622540062356664
20 9 0.11900707973930057
20 10 0.631422836268517
20 11 0.18975539161552346
20 12 0.20778847249795532
20 13 -0.10868521382547688
20 14 -0.20545786320038562
20 15 -0.07990136156890927
20 16 0.021518691897748268
20 17 0.22028654095832628
20 18 -0.20442053226348686
20 19 0.04159084080895214
20 20 -0.1876910617131361
20 21 0.08082562170879845
20 22 0.06641260972277406
20 23 -0.038454231226216745
20 24 -0.020779948268308836
20 25 -0.009452501888636264
20 26 0.05448576579052413
20 27 0.05133014750313542
20 28 0.046713517589411835
20 29 0.19172734307555667
20 30 0.0019710735140455182
20 31 -0.15842893086237714
20 32 -0.015687797708895137
20 33 -0.014060662505924054
21 1 0.0033306017770922923
21 2 0.008888760212709894
21 3 0.015525992748797329
21 4 -0.13993548779604706
21 5 0.37167327409985895
21 6 0.9003243417720781
21 7 -0.10069022626350173
21 8 -0.009476425274957768
21 9 -0.052319977632935874
21 10 -0.09440119851915317
21 11 -0.043378615556761965
21 12 -0.0043379812164334825
21 13 -0.0011371492824970115
21 14 0.017722054262507517
21 15 0.01817150772586785
21 16 0.04591150741980096
21 17 -0.02764708489681264
21 18 -0.01595711290002212
21 19 0.0013223332811861802
21 20 -0.010524882052477105
21 21 -0.007667853412847512
21 22 0.014144037944151592
21 23 0.02386475595384678
21 24 0.005439092150121592
21 25 0.033834200787910135
21 26 -0.011419462072853144
21 27 0.025948688509795093
21 28 -0.027316280239143315
21 29 0.007635964086542702
21 30 0.009253255051505146
21 31 0.001564454482890592
21 32 0.00039686631581529455
21 33 0.00017358908931639503
22 1 0.24369774008377526
22 2 0.5842049700424596
22 3 0.13445153040995844
22 4 -0.038919440516301626
22 5 -0.22153168497965434
22 6 0.06175909491875724
22 7 -0.059823611452340074
22 8 0.027719401514663188
22 9 0.2112559769079264
22 10 -0.10262307703185003
22 11 -0.08729599886724727
22 12 0.36187584235190134
22 13 0.08144526187534276
22 14 0.2700100041668567
22 15 0.015056710134968218
22 16 -0.23142684063710656
22 17 -0.14521466246572476
22 18 -0.05357845283555794
22 19 0.057740050997239646
22 20 -0.12017704435468327
22 21 0.09407368249429024
22 22 0.15090523628795413
22 23 0.29670719325459033
22 24 0.03477344442036508
22 25 0.043198939497819444
22 26 0.05061273018391265
22 27 0.02640270765308926
22 28 0.10162729670979277
22 29 -0.10557580737334021
22 30 -0.06622963211919784
22 31 -0.014363368490285813
22 32 0.009792349042629447
22 33 -0.03922246534822188
23 1 0.1608076073788946
23 2 -0.00229059164121944
23 3 0.1619771574451666
23 4 0.20590657827560843
23 5 -0.05710928613961821
23 6 0.10624589063679449
23 7 -0.23806469759878188
23 8 -0.2335257530260561
23 9 0.04084805400740202
23 10 0.7889632080895329
23 11 0.031365361055170383
23 12 0.03726118290101775
23 13 -0.2258372934119672
23 14 -0.0386545900679444
23 15 0.010872877318414326
23 16 -0.0015316282215772498
23 17 -0.004190115507950856
23 18 -0.07789850738421827
23 19 0.018342660131488678
23 20 0.035023184932005944
23 21 0.00710061557023477
23 22 -0.031415668580598397
23 23 0.004805372247354067
23 24 0.02053046212153508
23 25 0.08861663562410366
23 26 -0.07549200618487831
23 27 -0.052761259177828715
23 28 -0.06366905955188638
23 29 -0.20329047187228683
23 30 -0.00965406098288575
23 31 0.1694734301999492
23 32 0.02843936610891051
23 33 0.01230535451735422
24 1 0.8002465173344995
24 2 -0.2422421194997159
24 3 -0.1796382072450291
24 4 0.3070431396006785
24 5 0.23218991939899902
24 6 -0.03670819326929563
24 7 0.06495908994842452
24 8 0.016782812115237442
24 9 -0.1227852062510683
24 10 0.13056522268456922
24 11 -0.060860812555834906
24 12 -0.019098623005137483
24 13 0.04082090430884433
24 14 0.17179217522120338
24 15 0.10094572723101602
24 16 -0.05301667775936731
24 17 -0.006616353170806555
24 18 0.008038033205929516
24 19 0.059140523985534404
24 20 0.04222339827276887
24 21 -0.014244992040347754
24 22 -0.053829868251163586
24 23 0.09924569055401523
24 24 0.026759096552762058
24 25 -0.050110996245991274
24 26 0.05593483393619421
24 27 0.019907867529332143
24 28 0.02751771838171193
24 29 0.06944913619826446
24 30 -0.007680058925806234
24 31 0.005677249372045529
24 32 0.05859503078930234
24 33 0.00704526364547281
25 1 0.16505641640599933
25 2 0.7992996234542552
25 3 -0.24615947531710838
25 4 0.07660762979860017
25 5 -0.008760858429551974
25 6 -0.008682345252974222
25 7 -0.013759526138651793
25 8 0.0483145448098604
25 9 -0.0867550831168595
25 10 0.0482269843595699
25 11 0.020107469743349364
25 12 0.012459017701473285
25 13 0.14934146326744754
25 14 -0.13348754003110905
25 15 0.13040815937297592
25 16 0.24327500802083177
25 17 -0.16569944883768573
25 18 0.0025588964704300957
25 19 0.025712712667252956
25 20 -0.02799279100171505
25 21 -0.020861275161314724
25 22 0.07785488243207245
25 23 0.06435993022710484
25 24 0.013212140498944019
25 25 0.032287241872677036
25 26 -0.18330298113916518
25 27 0.02417308749782817
25 28 0.11247414608471847
25 29 0.03663217706762774
25 30 -0.19196526268995354
25 31 -0.00033572943740261055
25 32 -0.06764354091346814
25 33 0.08745507216487022
26 1 0.19305292342674268
26 2 0.39548215631687356
26 3 -0.008734756907855051
26 4 -0.5366264753806024
26 5 0.13461782693676247
26 6 -0.19186366553178869
26 7 -0.14428827798572869
26 8 -0.08508548611513976
26 9 -0.16207186087216968
26 10 0.08860664506469554
26 11 -0.5241405236947538
26 12 0.18903746653956394
26 13 -0.01849185071489717
26 14 -0.02675876888765827
26 15 0.052304356498776
26 16 -0.10223973377254761
26 17 -0.03926089877470538
26 18 -0.026093434897552396
26 19 0.0054984116936815635
26 20 -0.08751349419863295
26 21 0.055997874156189766
26 22 0.09941635351631742
26 23 0.20819601138233218
26 24 0.022324096850021076
26 25 0.01605204633800482
26 26 0.045228113123488886
26 27 0.07685930300491059
26 28 -0.00500745360000074
26 29 -0.02293509928278191
26 30 -0.004795670651679417
26 31 -0.0015941640222328982
26 32 -0.02210098722635917
26 33 -0.020351558359436056
27 1 0.10991534744941507
27 2 0.4915515549685068
27 3 -0.14794585293225207
27 4 0.05086741537437735
27 5 -0.10588454887676821
27 6 0.024582533193587174
27 7 -0.05347083324464658
27 8 -0.39645998424595796
27 9 -0.1528669260543073
27 10 -0.11339732450677446
27 11 -0.08111207580652743
27 12 0.27554227502204165
27 13 0.14501872475093788
27 14 0.19903122743023902
27 15 -0.05998128299155505
27 16 0.04749534867762152
27 17 0.3903826139342829
27 18 0.09824289120626635
27 19 -0.06506443320600273
27 20 0.28562088643884825
27 21 -0.1348736925695878
27 22 0.11507763106144353
27 23 -0.010738237457937241
27 24 0.009063575563348466
27 25 0.03265125632495809
27 26 -0.2365192466335081
27 27 -0.12695577185767754
27 28 0.05021990891683127
27 29 0.046843620438809894
27 30 0.08118769883457527
27 31 0.014799200603283817
27 32 0.023500860123911255
27 33 -0.006232730965084865
28 1 0.10926483490279473
28 2 0.6012821988120107
28 3 0.13813504299904028
28 4 -0.02431253785646291
28 5 0.48933884143466216
28 6 -0.1531004237893868
28 7 0.2539783032511138
28 8 0.15503084554436883
28 9 0.35996234766850577
28 10 0.09905799393399686
28 11 0.10011757952728163
28 12 -0.034664929460638164
28 13 0.06135167241785672
28 14 -0.05880931229853281
28 15 0.03101532715252103
28 16 -0.06065009109525554
28 17 0.060570579312505674
28 18 -0.015255208437847478
28 19 -0.003884506842241729
28 20 0.12033180351629184
28 21 -0.01955235884334669
28 22 -0.02377283176761122
28 23 -0.04836136572167432
28 24 0.012387968623881994
28 25 0.14681104296915362
28 26 -0.12375745400934192
28 27 0.055353456635036824
28 28 -0.140389586172887
28 29 0.062411610593111934
28 30 -0.0761954299384763
28 31 0.00944724436225172
28 32 0.01732693410403381
28 33 -0.03706882104454812
29 1 0.10893519601694242
29 2 0.17861155251342845
29 3 0.1226804055186025
29 4 -0.5064435969821961
29 5 0.5502194793259496
29 6 -0.006470689443705411
29 7 0.055171423309331294
29 8 0.012560905266937957
29 9 0.07774686504079284
29 10 0.1669492677163285
29 11 0.10951596555438464
29 12 0.013964483806797701
29 13 0.004201516822796181
29 14 -0.06816491516073372
29 15 -0.0822588106919247
29 16 -0.2269680219385407
29 17 0.1416560034459393
29 18 0.08520289522116392
29 19 -0.007387434842895432
29 20 0.06059650844222937
29 21 0.04660107954998281
29 22 -0.09843836626758108
29 23 -0.169878535776512
29 24 -0.04025861223142155
29 25 -0.26061981884575525
29 26 0.09031972366819487
29 27 -0.22298994067625943
29 28 0.24022970678859484
29 29 -0.07003010137188898
29 30 -0.08719283712247564
29 31 -0.015039224351676069
29 32 -0.0038680988865277058
29 33 -0.001764253223912625
30 1 0.07095710416517265
30 2 0.4182372453119609
30 3 -0.11304310787028062
30 4 -0.00497917891143268
30 5 0.18490978674319847
30 6 -0.08061540647621124
30 7 0.11106390585277104
30 8 -0.03868125794802882
30 9 0.09103864317335034
30 10 -0.014878531325679817
30 11 0.08620995704144706
30 12 -0.31845672835216615
30 13 -0.3961990697983934
30 14 0.24989523242746917
30 15 -0.25493649329716656
30 16 0.20685643274769053
30 17 -0.04681456221694411
30 18 -0.07859143491922357
30 19 -0.16237280373631996
30 20 -0.2568424245093496
30 21 -0.08577651295821348
30 22 0.2098340012354992
30 23 0.24111020969028982
30 24 0.011161335628611688
30 25 -0.09736436655715516
30 26 0.03718727349174401
30 27 -0.261947708134647
30 28 -0.11629468069230706
30 29 0.06586137471725145
30 30 0.010763152567427195
30 31 0.008719101371635323
30 32 -0.01642956080525211
30 33 0.0025272804426603873
31 1 0.07458048673253212
31 2 -0.0334776668981936
31 3 -0.041281267024916135
31 4 0.18385589730412838
31 5 0.2605005089071327
31 6 -0.17084674946932873
31 7 -0.8324352425482511
31 8 -0.05037786046014318
31 9 0.2547399348806721
31 10 -0.12974157712975784
31 11 0.04383812636107646
31 12 -0.15245242043287183
31 13 0.07750875134135518
31 14 0.06997556493184699
31 15 0.14723427866905886
31 16 -0.004626187537214001
31 17 0.040998350412058245
31 18 0.022146981083131977
31 19 -0.006342718066663089
31 20 0.012552592965238436
31 21 -0.025813563820652474
31 22 -0.030149889720047677
31 23 0.07024248855866358
31 24 -0.09767263820302181
31 25 -0.05765732101762208
31 26 0.019230150357380675
31 27 0.02278830663479158
31 28 0.0059426506759125055
31 29 0.04218733871127525
31 30 -0.00827751056630703
31 31 0.01110086698132583
31 32 0.03373847869099757
31 33 0.0022296789248104484
32 1 0.1562649162889607
32 2 0.5007230509543508
32 3 0.30495571585573894
32 4 -0.05631179548625872
32 5 0.37070453793129726
32 6 -0.09880258809674963
32 7 0.2308601979196211
32 8 0.11428073173559257
32 9 0.4784415247156106
32 10 0.044909927704430044
32 11 0.09216693602434231
32 12 0.11588469068307235
32 13 0.07401820801825283
32 14 0.05380055043076128
32 15 -0.045068455833933
32 16 -0.2713934219394399
32 17 0.15831626516485467
32 18 -0.01752549578168011
32 19 -0.018791614668296937
32 20 0.10051417743033647
32 21 0.009406654195476774
32 22 -0.015155469498767967
32 23 0.020860591305695005
32 24 0.009423387038497384
32 25 0.06025402582474057
32 26 0.013405633484524112
32 27 0.08230005110710155
32 28 -0.15621085296756
32 29 0.03276425478636558
32 30 0.05102096093299148
32 31 0.006764019798121189
32 32 -0.03300374978438347
32 33 0.04214090781159709
33 1 0.809385176180836
33 2 0.038472417960922926
33 3 -0.03201963874645894
33 4 0.08191530170045357
33 5 -0.21502349896557718
33 6 0.11840098863747486
33 7 0.05639564760532271
33 8 -0.004499813474499832
33 9 0.07014014559843304
33 10 -0.07521019142999895
33 11 0.12760878174303728
33 12 0.07830906448836489
33 13 0.12068697134484825
33 14 -0.13707951788137307
33 15 -0.010067835267771226
33 16 0.046507517421021036
33 17 0.09776099699162225
33 18 0.06140054311789998
33 19 -0.08424672914494524
33 20 -0.073664905699316
33 21 -0.04101108015793983
33 22 0.046605575802703636
33 23 -0.01878397415836923
33 24 -0.031188632764628077
33 25 -0.30068831266877805
33 26 0.03230405162732228
33 27 0.11711994163980909
33 28 -0.01194890848248889
33 29 0.08983327370379368
33 30 -0.01623387844384238
33 31 0.1939088480492735
33 32 -0.14068688475906377
33 33 -0.03921546647163693
34 1 0.18900352647407864
34 2 0.02143349816360597
34 3 -0.019215877302155033
34 4 -0.009193236901213592
34 5 -0.06586251755028648
34 6 0.023096696894593302
34 7 0.08766067264525138
34 8 -0.44656903433577455
34 9 -0.023710452561221427
34 10 -0.23136717696274162
34 11 0.14837812479177884
34 12 -0.320342875697032
34 13 -0.17146280778230438
34 14 -0.3650508119149112
34 15 0.21934880590327915
34 16 -0.44114849905797304
34 17 -0.10181708217854754
34 18 -0.14676234256313375
34 19 0.04872711425363272
34 20 0.07319105932254122
34 21 0.003454321035969498
34 22 0.040520771953836264
34 23 0.09620804722065708
34 24 0.026994251124117536
34 25 0.2638904533601984
34 26 0.05619451147878251
34 27 -0.0963346055137817
34 28 0.12570061639044647
34 29 0.1067235614499688
34 30 0.029901533166960544
34 31 0.06833979929945153
34 32 -0.03407793822043956
34 33 -0.0006737116977449213
35 1 0.1562037258405689
35 2 0.7860284292310792
35 3 -0.19435819080082117
35 4 0.020422234424861165
35 5 0.20394771606112863
35 6 -0.0663442495737465
35 7 0.10865382982151961
35 8 0.029049574271731098
35 9 0.1052851343273671
35 10 0.08994866759916517
35 11 0.12542883350293338
35 12 -0.05785679906839439
35 13 0.09956490406230852
35 14 -0.11302082994786407
35 15 0.05480563773466624
35 16 0.21375174483102755
35 17 -0.13971227090353636
35 18 -0.0009518934950990261
35 19 -0.012336368549565931
35 20 -0.044538504027334724
35 21 -0.02083170273623949
35 22 0.04817267887821589
35 23 0.00831113940137946
35 24 -0.0015309405127962496
35 25 -0.04617097966450402
35 26 -0.13405841796089532
35 27 0.06640483795191363
35 28 0.18656867828707313
35 29 -0.04087887185354929
35 30 0.25267468538486737
35 31 0.007567669766471871
35 32 0.042546828696732236
35 33 -0.009982515007402576
36 1 0.12440323671442638
36 2 0.17738459639373838
36 3 0.886545916751383
36 4 0.2806019135466014
36 5 0.05292240507913952
36 6 -0.017443239023719623
36 7 0.017552333817498662
36 8 0.04701266766829586
36 9 -0.141614715175976
36 10 -0.07765062349541259
36 11 -0.11918298151787206
36 12 -0.06559306743482414
36 13 -0.017786277484080106
36 14 -0.08709505520696369
36 15 0.030547910593258645
36 16 0.11953669113614535
36 17 0.08794517169128782
36 18 0.003778405948841504
36 19 -0.002076454515414508
36 20 0.003353775761268274
36 21 -0.05034299731101344
36 22 0.010175752966439137
36 23 0.02919841136994033
36 24 0.0015494200817144396
36 25 0.00664134516563721
36 26 0.043708796476327846
36 27 -0.007609293200342114
36 28 0.040019667490637095
36 29 -0.009988703354656417
36 30 -0.0009652313988445342
36 31 -0.0066627587458261035
36 32 -0.0010156971426565106
36 33 -0.0011715716332837429
37 1 0.04360116287335245
37 2 0.17777659854848646
37 3 0.11190294174526613
37 4 -0.0053842179703331525
37 5 0.020260400551782087
37 6 -0.04702063487402192
37 7 -0.04410291285358586
37 8 0.018189658647503142
37 9 -0.1762329839462819
37 10 -0.06165334694507957
37 11 -0.004762598161748019
37 12 0.17298119078785557
37 13 0.03856394627737662
37 14 0.1993740405844271
37 15 0.18332874738616983
37 16 -0.0392811073043678
37 17 -0.2021682654953871
37 18 -0.6495509397681433
37 19 -0.5411907764814283
37 20 0.09839740891685192
37 21 -0.004434505610276888
37 22 -0.09089036627811403
37 23 -0.17400137492050652
37 24 -0.023537980563406526
37 25 -0.05362699035373841
37 26 0.005031411754135271
37 27 -0.012578947775609453
37 28 -0.007440086883629575
37 29 0.01551046291013351
37 30 0.00021587828963921628
37 31 0.004704815175902271
37 32 0.0021509688163481597
37 33 0.0007058515131119943
38 1 0.12440323671442638
38 2 0.17738459639373838
38 3 0.886545916751383
38 4 0.2806019135466014
38 5 0.05292240507913952
38 6 -0.017443239023719623
38 7 0.017552333817498662
38 8 0.04701266766829586
38 9 -0.141614715175976
38 10 -0.07765062349541259
38 11 -0.11918298151787206
38 12 -0.06559306743482414
38 13 -0.017786277484080106
38 14 -0.08709505520696369
38 15 0.030547910593258645
38 16 0.11953669113614535
38 17 0.08794517169128782
38 18 0.003778405948841504
38 19 -0.002076454515414508
38 20 0.003353775761268274
38 21 -0.05034299731101344
38 22 0.010175752966439137
38 23 0.02919841136994033
38 24 0.0015494200817144396
38 25 0.00664134516563721
38 26 0.043708796476327846
38 27 -0.007609293200342114
38 28 0.040019667490637095
38 29 -0.009988703354656417
38 30 -0.0009652313988445342
38 31 -0.0066627587458261035
38 32 -0.0010156971426565106
38 33 -0.0011715716332837429
39 1 0.03524452818379875
39 2 -0.01610405448592973
39 3 -0.026682209838192875
39 4 0.06703193909242657
39 5 0.08879983138472056
39 6 -0.04328558648472986
39 7 -0.08309154453830056
39 8 0.03495393241540899
39 9 -0.018804979921365934
39 10 -0.12435107281233342
39 11 0.011302675373286454
39 12 0.27518264353291877
39 13 -0.1840695733367379
39 14 -0.26714653002604805
39 15 -0.5389842301191313
39 16 0.053234718413068434
39 17 -0.2744728987550065
39 18 -0.25946192115452493
39 19 0.2877470110993668
39 20 0.3920123481172156
39 21 -0.20045518050322308
39 22 -0.06280505965210685
39 23 0.1334527372355458
39 24 -0.19001710280666162
39 25 -0.0800827707316771
39 26 0.014818820621130786
39 27 0.020732029336575464
39 28 0.00031261580611079305
39 29 0.024427844277216552
39 30 -0.005508143524517551
39 31 0.007844927315540632
39 32 0.015137424911295522
39 33 0.00028879417936654005
40 1 0.0663037590685084
40 2 0.0012401936671688804
40 3 0.11216706072034438
40 4 0.1614898577220334
40 5 0.06990024310855257
40 6 -0.00821523161937139
40 7 -0.08214713804014911
40 8 -0.08019613380547284
40 9 -0.13199001759088824
40 10 0.15633707930568302
40 11 -0.16051879887976928
40 12 -0.35679052171711667
40 13 0.46035833864102416
40 14 0.141134763024243
40 15 -0.3646975343028338
40 16 -0.21013568898805293
40 17 -0.18843741251171062
40 18 -0.07627185180322063
40 19 0.10025566304616376
40 20 0.0018487391722433826
40 21 0.06497685476708667
40 22 0.4457813846285758
40 23 -0.2755276973493511
40 24 -0.05010829910645159
40 25 0.011559465941678804
40 26 0.027500536560331367
40 27 0.029163035617202137
40 28 -0.010153208044758432
40 29 0.006530264259433299
40 30 -0.0037494129937208744
40 31 0.01303319639971251
40 32 0.006878543870616569
40 33 0.001674768014115903
41 1 0.31012024134582356
41 2 0.008203154706923437
41 3 0.3273925109138585
41 4 -0.32484687672360785
41 5 -0.002754055524151566
41 6 -0.0711260540194637
41 7 -0.13128159520830596
41 8 0.0543339276645951
41 9 -0.3853405708564652
41 10 -0.022535429893579394
41 11 0.6709938840080292
41 12 0.07502339275945064
41 13 0.04139218774070161
41 14 0.1844789856473867
41 15 -0.014212904535832148
41 16 -0.03133489485704101
41 17 -0.07384852684739526
41 18 0.0577982076728002
41 19 0.07871053269337519
41 20 -0.013972244103678824
41 21 0.022048433012448628
41 22 0.02782071099131664
41 23 0.04604787078152373
41 24 0.010815082585936624
41 25 0.04612413827821024
41 26 -0.03706056235913126
41 27 0.027306252411164023
41 28 -0.03199828649792988
41 29 -0.0022266998598212268
41 30 0.0026642545796061526
41 31 -0.0005289643007295374
41 32 0.006317220862241725
41 33 -0.0014397674049553746
42 1 0.6514994571048843
42 2 -0.09625704122680992
42 3 0.032253405554651005
42 4 -0.5934735608377255
42 5 0.008269460237606361
42 6 -0.12544107867386434
42 7 -0.08080637761356202
42 8 -0.0643812269680141
42 9 -0.039685406602649916
42 10 0.057966228313728274
42 11 -0.3496790279902369
42 12 -0.08404718075031442
42 13 -0.042394010259183955
42 14 -0.1513109438239287
42 15 -0.005895503493078841
42 16 0.11762288858218423
42 17 0.024256369718317843
42 18 -0.0008438603755641632
42 19 -0.026835371523820754
42 20 -0.016941484156792655
42 21 -0.03943451506678848
42 22 -0.022111603420065216
42 23 -0.05885318380080372
42 24 -0.007800088917731969
42 25 0.029286393452109333
42 26 -0.0013434793098639208
42 27 0.019856758881438952
42 28 -0.048581413769056704
42 29 0.043245019866182795
42 30 0.024792971201832055
42 31 0.007929834434805364
42 32 0.016093066711033402
42 33 0.01146715563614872
43 1 0.12440323671442638
43 2 0.17738459639373838
43 3 0.886545916751383
43 4 0.2806019135466014
43 5 0.05292240507913952
43 6 -0.017443239023719623
43 7 0.017552333817498662
43 8 0.04701266766829586
43 9 -0.141614715175976
43 10 -0.07765062349541259
43 11 -0.11918298151787206
43 12 -0.06559306743482414
43 13 -0.017786277484080106
43 14 -0.08709505520696369
43 15 0.030547910593258645
43 16 0.11953669113614535
43 17 0.08794517169128782
43 18 0.003778405948841504
43 19 -0.002076454515414508
43 20 0.003353775761268274
43 21 -0.05034299731101344
43 22 0.010175752966439137
43 23 0.02919841136994033
43 24 0.0015494200817144396
43 25 0.00664134516563721
43 26 0.043708796476327846
43 27 -0.007609293200342114
43 28 0.040019667490637095
43 29 -0.009988703354656417
43 30 -0.0009652313988445342
43 31 -0.0066627587458261035
43 32 -0.0010156971426565106
43 33 -0.0011715716332837429
44 1 0.30266021627995265
44 2 -0.005432381068533962
44 3 0.2657731421692592
44 4 -0.532027108164387
44 5 0.12673168433296936
44 6 -0.17135994734235002
44 7 -0.16925857815976908
44 8 0.005846740480761834
44 9 -0.5057824879307277
44 10 0.04988761947558542
44 11 0.4390875764762221
44 12 0.03893715048675257
44 13 0.0054822138580776
44 14 0.07835858384749204
44 15 0.00449394306357168
44 16 -0.0008694767322558316
44 17 -0.04137674250491715
44 18 0.06081463557459322
44 19 0.05912220102743626
44 20 -0.013295562400983991
44 21 0.015545953257599646
44 22 0.02192485708237354
44 23 0.04041116957753097
44 24 0.008999448963867781
44 25 0.037268882748456626
44 26 -0.03172218346135308
44 27 0.051227049511123404
44 28 -0.06508451033617751
44 29 0.021475933430616843
44 30 0.021538028294362098
44 31 0.0033728119918366275
44 32 -0.006745961829681084
44 33 0.0022252628462444135
45 1 0.0033306017770922923
45 2 0.008888760212709894
45 3 0.015525992748797329
45 4 -0.13993548779604706
45 5 0.37167327409985895
45 6 0.9003243417720781
45 7 -0.10069022626350173
45 8 -0.009476425274957768
45 9 -0.052319977632935874
45 10 -0.09440119851915317
45 11 -0.043378615556761965
45 12 -0.0043379812164334825
45 13 -0.0011371492824970115
45 14 0.017722054262507517
45 15 0.01817150772586785
45 16 0.04591150741980096
45 17 -0.02764708489681264
45 18 -0.01595711290002212
45 19 0.0013223332811861802
45 20 -0.010524882052477105
45 21 -0.007667853412847512
45 22 0.014144037944151592
45 23 0.02386475595384678
45 24 0.005439092150121592
45 25 0.033834200787910135
45 26 -0.011419462072853144
45 27 0.025948688509795093
45 28 -0.027316280239143315
45 29 0.007635964086542702
45 30 0.009253255051505146
45 31 0.001564454482890592
45 32 0.00039686631581529455
45 33 0.00017358908931639503
46 1 0.16280483661506565
46 2 0.7901506296434526
46 3 -0.2698700870903079
46 4 0.09711221461621539
46 5 -0.1435546790968717
46 6 0.05414578074890683
46 7 -0.11354865764466565
46 8 0.3108837107222042
46 9 -0.2091549282567733
46 10 0.03700906960166648
46 11 -0.024417714654928785
46 12 -0.09741036278060859
46 13 0.0017575575607774504
46 14 -0.12462751210608536
46 15 0.0945887035910515
46 16 0.03343757403816461
46 17 -0.03396347026288582
46 18 0.045962393132644976
46 19 0.07603231626039977
46 20 0.07139478313211335
46 21 0.007985224199347753
46 22 -0.05870774751700905
46 23 -0.10677998518868012
46 24 -0.007234086866740583
46 25 0.0540491006685883
46 26 0.05202118248852472
46 27 -0.09659743065066329
46 28 -0.06531951311569051
46 29 0.01810897583554047
46 30 -0.04066477758775247
46 31 0.0022084478601805922
46 32 0.03195169697900341
46 33 -0.04089212426637064
47 1 0.051110076959028666
47 2 0.04009072625964864
47 3 0.1916450397602875
47 4 0.08153355500048637
47 5 -0.09374416835308669
47 6 0.06963142333769651
47 7 -0.07698868527345926
47 8 -0.07654103449534629
47 9 0.07121848896678941
47 10 0.2258094894490078
47 11 -0.024533154269243435
47 12 0.0927308261365031
47 13 -0.2080982348543905
47 14 -0.005508211161028939
47 15 -0.020253827650410637
47 16 -0.11573813905092058
47 17 -0.4411955089979395
47 18 0.563156435081341
47 19 -0.448274860821796
47 20 0.2521542222858159
47 21 -0.12009762618943441
47 22 0.06076538618539806
47 23 -0.02765844134867588
47 24 -0.010249164844584931
47 25 -0.0019563887107638483
47 26 0.037840478662516525
47 27 0.032577911351871436
47 28 0.010876354327007301
47 29 0.06389163197808954
47 30 0.0021412601780809374
47 31 -0.04951854478361081
47 32 -0.009918640998060089
47 33 -0.003136316681449095
48 1 0.812661400212237
48 2 -0.08765388126294008
48 3 0.16435732539718734
48 4 -0.16964425110827355
48 5 -0.3313419564256205
48 6 0.11361250946667095
48 7 0.013248082131259213
48 8 0.03950607068521202
48 9 0.31434732711698443
48 10 -0.11479012964474777
48 11 0.08598808871051973
48 12 -0.020839454543706788
48 13 0.035858701908704244
48 14 0.06526966673495592
48 15 -0.055235547933552585
48 16 0.07320795044443151
48 17 -0.04596528330282966
48 18 -0.016040369173244837
48 19 0.008040100928631803
48 20 -0.0216932531165574
48 21 -0.035749255166500085
48 22 -0.015969374761635773
48 23 -0.06569387423048667
48 24 -0.006452685088766544
48 25 0.05515448260399937
48 26 -0.011337550721382272
48 27 -0.041212210221370726
48 28 0.029387809342144293
48 29 -0.007249670807115048
48 30 -0.018600045795539463
48 31 -0.00013981803416126919
48 32 0.054274033840025014
48 33 0.005105081966824453
